mode.time =           [0 1 2 3 4 5];
mode.signals.values = [0 0 0 0 0 0]';
mode.signals.dimensions = 1;

x.time =           [0 1 2 3 4 5];
%x.signals.values = [1 0.961182 0.857178 0.694702 0.484863 0.241943]';
x.signals.values = [1 0 0 0 0 0]';
x.signals.dimensions = 1;

y.time =           [0 1 2 3 4 5];
%y.signals.values = [0 0.275513 0.514893 0.719238 0.874512 0.970215]';
y.signals.values = [3 0 0 0 0 0]';
y.signals.dimensions = 1;

theta.time =           [0 1 2 3 4 5];
theta.signals.values = [0 0 0 0 0 0]';
theta.signals.dimensions = 1;