mode.time =           [0 1 2 3 4 5 6 7 8 9 10 11 12 13 14 15 16 17 18];
mode.signals.values = [1 1 1 1 1 1 1 1 1 1 1 1 1 1 1 1 1 1 1]';
mode.signals.dimensions = 1;

x.time =           [0 1 2 3 4 5 6 7 8 9 10 11 12 13 14 15 16 17 18];
x.signals.values = [1 1 1 1 1 1 1 1 1 1 1 1 1 1 1 1 1 1 1]';
x.signals.dimensions = 1;

y.time =           [0 1 2 3 4 5 6 7 8 9 10 11 12 13 14 15 16 17 18];
y.signals.values = [0 0 0 0 0 0 0 0 0 0 0 0 0 0 0 0 0 0 0]';
y.signals.dimensions = 1;

theta.time =           [0 1 2 3 4 5 6 7 8 9 10 11 12 13 14 15 16 17 18];
theta.signals.values = [0 0.0872665 0.174533 0.261799 0.349066 0.436332 0.523599 0.610865 0.698132 0.785398 0.872665 0.959931 1.0472 1.13446 1.22173 1.309 1.39626 1.48353 1.5708]';
theta.signals.dimensions = 1;