tan_var.time =         [0:19];
tan_var.signals.dimensions = 1; 
x_var.time =           [0:19];
x_var.signals.dimensions = 1;
y_var.time =           [0:19];
y_var.signals.dimensions = 1;
mode_var.time =        [0:19];
mode_var.signals.dimensions = 1;

mode_var.signals.values = [0      0      0      0     0      0      0    0 0 0 0 0 0 0 0 0 0 0 0 0]';
tan_var.signals.values  = [0      0      0      0     0      0      0    0 0 0 0 0 0 0 0 0 0 0 0 0]';
x_var.signals.values    = [1      0.9659 0.866  0.707  .5    0.2588 0    1 1 1 1 1 1 1 1 1 1 1 1 1]';
y_var.signals.values    = [0      0.2588 0.5    0.707  0.866 0.9659 1    0 0 0 0 0 0 0 0 0 0 0 0 0]';